[pattern.jpg]
filters=bw=1;glow2=1,0.473684,250.000000;radblur=1,0.500000,0.500000,-1.000000,-0.520468;
moddate=0f7f7a9090dfcf01
width=260
height=259
textactive=0
[pattern.1.jpg]
filters=radblur=1,0.500000,0.500000,-1.000000,-0.426901;
moddate=87ccb99091dfcf01
width=260
height=260
textactive=0
[pattern.2.jpg]
filters=radblur=1,0.000000,1.034749,-1.000000,-0.228070;PencilSketch=1,2.143860,99.415207,49.122807;radblur=1,0.500000,0.500000,-1.000000,-0.485380;
moddate=212247bda5dfcf01
width=260
height=259
textactive=0
